東京	2019	10	1 	0 	-1 	-3 	-4 	-4 	-3 	1 	2 	2 	1 	1 	1 	0 	-4 	-7 	-8 	-5 	-1 	2 	0 	-4 	-5 	-6 	-3
東京	2019	10	2 	-2 	-3 	-3 	-5 	-6 	-6 	-2 	0 	2 	1 	0 	-1 	-1 	-2 	-3 	-4 	-3 	0 	2 	1 	-1 	-1 	0 	3
東京	2019	10	3 	5 	7 	7 	5 	3 	2 	4 	8 	10 	9 	7 	7 	8 	10 	8 	5 	5 	7 	8 	7 	7 	7 	9 	10
東京	2019	10	4 	11 	10 	12 	15 	19 	20 	21 	20 	22 	24 	23 	22 	25 	30 	33 	30 	25 	18 	15 	15 	18 	19 	19 	18
東京	2019	10	5 	18 	19 	21 	19 	14 	10 	8 	6 	6 	4 	1 	-2 	-3 	0 	1 	3 	3 	3 	2 	2 	1 	0 	0 	2
東京	2019	10	6 	4 	5 	8 	12 	13 	12 	7 	4 	0 	0 	0 	-2 	-3 	-7 	-7 	-8 	-4 	-4 	-6 	-11 	-14 	-12 	-10 	-7
東京	2019	10	7 	-5 	-6 	-6 	-5 	-2 	0 	4 	4 	3 	0 	-3 	-3 	-2 	0 	1 	3 	3 	4 	2 	-2 	-5 	-5 	-2 	2
東京	2019	10	8 	4 	5 	5 	7 	9 	12 	15 	16 	15 	14 	13 	13 	15 	19 	20 	21 	23 	27 	28 	23 	14 	8 	9 	12
東京	2019	10	9 	14 	12 	8 	5 	4 	4 	5 	2 	-2 	-5 	-4 	-3 	-3 	-5 	-7 	-6 	-2 	1 	2 	-1 	-5 	-5 	-4 	0
東京	2019	10	10 	2 	0 	-2 	-4 	-3 	0 	6 	9 	8 	2 	-6 	-11 	-9 	-5 	-3 	-2 	-1 	-1 	0 	-1 	-3 	-5 	-8 	-7
東京	2019	10	11 	-5 	-3 	-3 	-3 	-3 	-3 	0 	5 	7 	7 	3 	-4 	-7 	-5 	0 	3 	4 	4 	3 	4 	7 	9 	8 	3
東京	2019	10	12 	-1 	-1 	2 	7 	9 	12 	22 	32 	38 	34 	25 	18 	18 	26 	38 	50 	59 	67 	76 	85 	104 	132 	138 	107
東京	2019	10	13 	49 	4 	6 	43 	76 	75 	43 	9 	-7 	0 	11 	13 	2 	-10 	-13 	-10 	-2 	2 	-2 	-10 	-17 	-18 	-11 	-3
東京	2019	10	14 	-1 	-6 	-13 	-18 	-19 	-13 	-3 	7 	10 	4 	-4 	-9 	-9 	-7 	-4 	-3 	-2 	0 	4 	8 	11 	12 	12 	11
東京	2019	10	15 	9 	6 	2 	0 	-2 	0 	2 	7 	11 	13 	11 	5 	-1 	-3 	-2 	2 	3 	4 	1 	-1 	0 	3 	5 	4
東京	2019	10	16 	1 	-5 	-8 	-9 	-10 	-9 	-9 	-10 	-8 	-5 	0 	2 	-1 	-7 	-14 	-15 	-12 	-10 	-12 	-14 	-14 	-12 	-7 	-3
東京	2019	10	17 	-2 	-4 	-8 	-12 	-14 	-13 	-12 	-12 	-11 	-10 	-7 	-5 	-4 	-6 	-11 	-16 	-15 	-13 	-13 	-15 	-17 	-17 	-16 	-11
東京	2019	10	18 	-9 	-8 	-11 	-17 	-20 	-20 	-16 	-13 	-12 	-13 	-13 	-10 	-6 	-6 	-9 	-15 	-17 	-17 	-14 	-12 	-12 	-14 	-13 	-9
東京	2019	10	19 	-5 	-2 	-1 	-3 	-7 	-9 	-8 	-4 	2 	7 	9 	8 	7 	8 	8 	8 	7 	7 	5 	6 	7 	8 	11 	14
東京	2019	10	20 	17 	16 	11 	7 	4 	4 	7 	11 	14 	12 	6 	1 	-1 	1 	3 	2 	0 	-4 	-7 	-6 	-4 	-1 	-1 	-2
東京	2019	10	21 	-3 	-4 	-4 	-3 	-3 	-3 	-2 	0 	2 	2 	-1 	-5 	-7 	-5 	-3 	-4 	-6 	-8 	-11 	-11 	-9 	-7 	-5 	-5
東京	2019	10	22 	-5 	-7 	-9 	-9 	-8 	-5 	-3 	-3 	-5 	-6 	-8 	-10 	-10 	-10 	-8 	-6 	-2 	-2 	-2 	-4 	-4 	-1 	3 	7
東京	2019	10	23 	8 	7 	6 	5 	5 	7 	9 	11 	12 	10 	8 	6 	7 	8 	10 	11 	12 	12 	8 	5 	3 	3 	3 	2
東京	2019	10	24 	2 	1 	1 	3 	4 	4 	3 	3 	3 	1 	1 	0 	0 	0 	2 	5 	7 	6 	1 	-6 	-9 	-9 	-7 	-4
東京	2019	10	25 	-4 	-4 	-2 	2 	7 	11 	13 	12 	8 	2 	-3 	-4 	-2 	1 	3 	6 	9 	13 	13 	10 	7 	7 	8 	11
東京	2019	10	26 	12 	11 	10 	7 	8 	11 	18 	22 	20 	11 	2 	-3 	-2 	4 	8 	7 	5 	5 	9 	13 	15 	13 	6 	4
東京	2019	10	27 	5 	9 	10 	9 	8 	9 	16 	24 	23 	15 	6 	0 	1 	8 	13 	10 	7 	7 	12 	17 	16 	10 	2 	-3
東京	2019	10	28 	-3 	-2 	-2 	-3 	-6 	-5 	0 	6 	10 	8 	1 	-5 	-6 	-3 	1 	3 	1 	-1 	-2 	2 	9 	11 	8 	-1
東京	2019	10	29 	-8 	-11 	-10 	-7 	-6 	-5 	-1 	7 	15 	18 	13 	3 	-4 	-6 	-2 	4 	4 	1 	0 	0 	2 	5 	8 	9
東京	2019	10	30 	7 	2 	-1 	-2 	-1 	-1 	-1 	0 	3 	7 	10 	9 	3 	-4 	-8 	-4 	0 	3 	0 	-6 	-9 	-6 	0 	8
東京	2019	10	31 	9 	2 	-8 	-13 	-11 	-7 	-4 	-6 	-8 	-7 	-3 	2 	2 	-4 	-10 	-12 	-9 	-4 	-2 	-6 	-10 	-9 	-2 	7